A[0] = 5.000000s; B[0] = 122.500000m
A[1] = 1.000000s; B[1] = 4.900000m
A[2] = 2.000000s; B[2] = 19.600000m
A[3] = 3.000000s; B[3] = 44.100000m
A[4] = 4.000000s; B[4] = 78.400000m
